USPS	GEOID	ANSICODE	NAME	POP10	HU10	ALAND	AWATER	ALAND_SQMI	AWATER_SQMI	INTPTLAT	INTPTLONG                                                                                                    
KY	21001	00516847	Adair County	18656	8568	1049677374	18431736	     405.283	       7.117	 37.105541	 -85.281400                                                                                          
KY	21003	00516848	Allen County	19956	9307	891830109	19492854	     344.338	       7.526	 36.750770	 -86.192458                                                                                           
KY	21005	00516849	Anderson County	21421	9127	522742422	6314840	     201.832	       2.438	 38.005396	 -84.986417                                                                                         
KY	21007	00516850	Ballard County	8249	3885	638843574	70009064	     246.659	      27.031	 37.051120	 -89.009178                                                                                          
KY	21009	00516851	Barren County	42173	19188	1262724748	32267246	     487.541	      12.458	 36.963614	 -85.924990                                                                                        
KY	21011	00516852	Bath County	11591	5405	722067811	13500089	     278.792	       5.212	 38.152249	 -83.737641                                                                                            
KY	21013	00516853	Bell County	28691	13154	929806795	5480870	     359.000	       2.116	 36.722680	 -83.681046                                                                                            
KY	21015	00516854	Boone County	118811	46154	638067340	26171928	     246.359	      10.105	 38.974595	 -84.731444                                                                                         
KY	21017	00516855	Bourbon County	19985	8927	750369577	4850592	     289.719	       1.873	 38.202562	 -84.209860                                                                                          
KY	21019	00516856	Boyd County	49542	21803	414046208	5588964	     159.864	       2.158	 38.360004	 -82.681406                                                                                            
KY	21021	00516857	Boyle County	28432	12312	466634989	6458105	     180.169	       2.493	 37.618200	 -84.873016                                                                                           
KY	21023	00516858	Bracken County	8488	3840	532533237	8637262	     205.612	       3.335	 38.678523	 -84.100355                                                                                           
KY	21025	00516859	Breathitt County	13878	6231	1275344480	7392452	     492.413	       2.854	 37.521178	 -83.322401                                                                                       
KY	21027	00516860	Breckinridge County	20059	10630	1468969244	47782210	     567.172	      18.449	 37.778109	 -86.432829                                                                                  
KY	21029	00516861	Bullitt County	74319	29318	769288200	8393803	     297.024	       3.241	 37.969572	 -85.703036                                                                                         
KY	21031	00516862	Butler County	12690	5877	1103562315	13948189	     426.088	       5.385	 37.207013	 -86.682471                                                                                         
KY	21033	00516863	Caldwell County	12984	6292	893004660	8702792	     344.791	       3.360	 37.148643	 -87.870510                                                                                         
KY	21035	00516864	Calloway County	37191	18065	997200826	66497839	     385.021	      25.675	 36.620978	 -88.274086                                                                                       
KY	21037	00516865	Campbell County	90336	39523	391886628	21009936	     151.308	       8.112	 38.946981	 -84.379583                                                                                       
KY	21039	00516866	Carlisle County	5104	2441	490632430	24722825	     189.434	       9.546	 36.857726	 -88.975757                                                                                         
KY	21041	00516867	Carroll County	10811	4696	332992509	22651280	     128.569	       8.746	 38.668284	 -85.124083                                                                                         
KY	21043	00516868	Carter County	27720	12311	1060589533	6801237	     409.496	       2.626	 38.309555	 -83.048821                                                                                         
KY	21045	00516869	Casey County	15955	7487	1150549958	3900669	     444.230	       1.506	 37.321962	 -84.928220                                                                                           
KY	21047	00516870	Christian County	73955	29459	1858324233	16936441	     717.503	       6.539	 36.893388	 -87.493554                                                                                     
KY	21049	00516871	Clark County	35613	15706	653877332	6973861	     252.463	       2.693	 37.970133	 -84.144974                                                                                           
KY	21051	00516872	Clay County	21730	8875	1215344973	4763013	     469.247	       1.839	 37.164466	 -83.710763                                                                                            
KY	21053	00516873	Clinton County	10272	5311	510864195	21164236	     197.246	       8.172	 36.729124	 -85.153499                                                                                         
KY	21055	00516874	Crittenden County	9315	4569	932270911	28978627	     359.952	      11.189	 37.358149	 -88.105010                                                                                       
KY	21057	00516875	Cumberland County	6856	3690	790416904	14830137	     305.182	       5.726	 36.784227	 -85.393499                                                                                       
KY	21059	00516876	Daviess County	96656	41452	1187111257	47210580	     458.346	      18.228	 37.731671	 -87.087139                                                                                       
KY	21061	00516877	Edmonson County	12161	6467	784464284	13262150	     302.883	       5.121	 37.227856	 -86.217778                                                                                        
KY	21063	00516878	Elliott County	7852	3371	606873739	2610644	     234.315	       1.008	 38.116425	 -83.097541                                                                                           
KY	21065	00516879	Estill County	14672	6865	655468626	6558017	     253.078	       2.532	 37.692460	 -83.963927                                                                                           
KY	21067	00516880	Fayette County	295803	135160	734648526	4922803	     283.649	       1.901	 38.040157	 -84.458443                                                                                       
KY	21069	00516881	Fleming County	14348	6623	902720074	7184513	     348.542	       2.774	 38.368431	 -83.706152                                                                                          
KY	21071	00516882	Floyd County	39451	18175	1018758276	6113697	     393.345	       2.361	 37.558283	 -82.740337                                                                                          
KY	21073	00516883	Franklin County	49285	23164	538061269	11037327	     207.747	       4.262	 38.234919	 -84.868786                                                                                       
KY	21075	00516884	Fulton County	6813	3372	532251963	65047499	     205.504	      25.115	 36.552620	 -89.187723                                                                                           
KY	21077	00516885	Gallatin County	8589	3786	262194985	9023075	     101.234	       3.484	 38.760184	 -84.862114                                                                                          
KY	21079	00516886	Garrard County	16912	7463	595897447	10019029	     230.077	       3.868	 37.630162	 -84.545856                                                                                         
KY	21081	00516887	Grant County	24662	9942	668125059	7255148	     257.965	       2.801	 38.649210	 -84.625946                                                                                            
KY	21083	00516888	Graves County	37121	16777	1429006936	13066620	     551.743	       5.045	 36.723344	 -88.649897                                                                                        
KY	21085	00516889	Grayson County	25746	13561	1286441869	37121614	     496.698	      14.333	 37.458577	 -86.344011                                                                                       
KY	21087	00516890	Green County	11258	5324	740825297	7135854	     286.034	       2.755	 37.269637	 -85.561403                                                                                            
KY	21089	00516891	Greenup County	36910	16330	891983450	26036378	     344.397	      10.053	 38.563596	 -82.933832                                                                                        
KY	21091	00516892	Hancock County	8565	3734	486017475	29096112	     187.652	      11.234	 37.843389	 -86.792773                                                                                          
KY	21093	00516893	Hardin County	105543	43261	1614282063	17763035	     623.278	       6.858	 37.695836	 -85.963183                                                                                       
KY	21095	00516894	Harlan County	29278	13513	1206487719	6016450	     465.828	       2.323	 36.859223	 -83.221497                                                                                         
KY	21097	00516895	Harrison County	18846	8208	793479419	9058916	     306.364	       3.498	 38.443489	 -84.332796                                                                                         
KY	21099	00516896	Hart County	18199	8559	1067297497	14929179	     412.086	       5.764	 37.313856	 -85.881994                                                                                           
KY	21101	00516897	Henderson County	46250	20320	1130968068	76691170	     436.669	      29.611	 37.792542	 -87.572577                                                                                     
KY	21103	00516898	Henry County	15416	6640	741450181	12552965	     286.276	       4.847	 38.451561	 -85.120079                                                                                           
KY	21105	00516899	Hickman County	4902	2342	627487774	27882492	     242.274	      10.765	 36.675916	 -88.972020                                                                                          
KY	21107	00516900	Hopkins County	46920	21180	1403760753	32168048	     541.995	      12.420	 37.311070	 -87.542196                                                                                       
KY	21109	00516901	Jackson County	13494	6523	894065212	3397888	     345.201	       1.312	 37.403320	 -84.020686                                                                                          
KY	21111	00516902	Jefferson County	741096	337616	985273984	44718982	     380.416	      17.266	 38.189533	 -85.657624                                                                                    
KY	21113	00516903	Jessamine County	48586	19331	445777146	6176428	     172.116	       2.385	 37.873291	 -84.583960                                                                                       
KY	21115	00516904	Johnson County	23356	10624	678455744	5651444	     261.953	       2.182	 37.849260	 -82.830639                                                                                         
KY	21117	00516905	Kenton County	159720	68975	415044980	10611128	     160.250	       4.097	 38.930477	 -84.533492                                                                                        
KY	21119	00516906	Knott County	16346	7461	910427420	3453763	     351.518	       1.334	 37.354703	 -82.949138                                                                                            
KY	21121	00516907	Knox County	31883	14485	1000505156	3757580	     386.297	       1.451	 36.887476	 -83.855630                                                                                           
KY	21123	00516908	Larue County	14193	6172	677331504	5462686	     261.519	       2.109	 37.545518	 -85.697209                                                                                            
KY	21125	00516909	Laurel County	58849	25446	1123932843	25231550	     433.953	       9.742	 37.113268	 -84.119395                                                                                        
KY	21127	00516910	Lawrence County	15860	7286	1076386638	11584591	     415.595	       4.473	 38.074459	 -82.738305                                                                                       
KY	21129	00516911	Lee County	7887	3436	540937729	6215040	     208.857	       2.400	 37.605383	 -83.718497                                                                                               
KY	21131	00516912	Leslie County	11310	5278	1038181523	9331244	     400.844	       3.603	 37.087846	 -83.388616                                                                                          
KY	21133	00516913	Letcher County	24519	11601	875192707	2898644	     337.914	       1.119	 37.118503	 -82.861175                                                                                         
KY	21135	00516914	Lewis County	13870	6481	1250540292	32492848	     482.836	      12.546	 38.532051	 -83.373303                                                                                          
KY	21137	00516915	Lincoln County	24742	10819	865301109	6426264	     334.095	       2.481	 37.457256	 -84.658074                                                                                         
KY	21139	00516916	Livingston County	9519	4824	810995883	75644574	     313.127	      29.207	 37.209517	 -88.363426                                                                                       
KY	21141	00516917	Logan County	26835	12339	1430013728	12689581	     552.131	       4.899	 36.859829	 -86.881436                                                                                         
KY	21143	00516918	Lyon County	8314	4791	553843392	110562511	     213.840	      42.688	 37.023976	 -88.083391                                                                                            
KY	21145	00516925	McCracken County	65565	31079	644243006	50314555	     248.744	      19.427	 37.053688	 -88.712378                                                                                      
KY	21147	00516926	McCreary County	18306	7507	1105414665	10732757	     426.803	       4.144	 36.731136	 -84.491052                                                                                       
KY	21149	00516927	McLean County	9531	4264	653905327	9735978	     252.474	       3.759	 37.530575	 -87.262931                                                                                            
KY	21151	00516919	Madison County	82916	35043	1132583005	15447453	     437.293	       5.964	 37.723528	 -84.277008                                                                                       
KY	21153	00516920	Magoffin County	13333	5950	798865721	1847983	     308.444	       0.714	 37.698953	 -83.069716                                                                                         
KY	21155	00516921	Marion County	19820	8182	888387260	9971338	     343.008	       3.850	 37.552247	 -85.269242                                                                                           
KY	21157	00516922	Marshall County	31448	15748	780240711	100797182	     301.253	      38.918	 36.882017	 -88.332752                                                                                      
KY	21159	00516923	Martin County	12929	5164	594673664	2574079	     229.605	       0.994	 37.796774	 -82.506623                                                                                           
KY	21161	00516924	Mason County	17490	8105	621927429	16278281	     240.128	       6.285	 38.594068	 -83.828052                                                                                           
KY	21163	00516928	Meade County	28602	11762	791042872	49415133	     305.423	      19.079	 37.967476	 -86.200863                                                                                          
KY	21165	00516929	Menifee County	6306	3744	527282371	6085112	     203.585	       2.349	 37.950715	 -83.597345                                                                                           
KY	21167	00516930	Mercer County	21331	9941	644381848	11692372	     248.797	       4.514	 37.812085	 -84.879694                                                                                          
KY	21169	00516931	Metcalfe County	10099	4681	750178224	4000081	     289.645	       1.544	 36.990394	 -85.629554                                                                                         
KY	21171	00516932	Monroe County	10963	5204	853073262	6949445	     329.373	       2.683	 36.714077	 -85.713508                                                                                           
KY	21173	00516933	Montgomery County	26499	11699	511174863	3862273	     197.366	       1.491	 38.038138	 -83.912337                                                                                      
KY	21175	00516934	Morgan County	13923	5830	987113548	6892022	     381.127	       2.661	 37.922940	 -83.258944                                                                                           
KY	21177	00516935	Muhlenberg County	31499	13699	1209728681	31912449	     467.079	      12.321	 37.213816	 -87.134092                                                                                    
KY	21179	00516936	Nelson County	43437	18075	1081351761	17000268	     417.512	       6.564	 37.803188	 -85.465955                                                                                        
KY	21181	00516937	Nicholas County	7135	3261	505489592	4306528	     195.171	       1.663	 38.337132	 -84.025554                                                                                          
KY	21183	00516938	Ohio County	23842	10219	1521032417	23188137	     587.274	       8.953	 37.477859	 -86.844871                                                                                          
KY	21185	00516939	Oldham County	60316	20688	484893493	23869704	     187.218	       9.216	 38.400046	 -85.456059                                                                                         
KY	21187	00516940	Owen County	10841	5634	909351754	8143489	     351.103	       3.144	 38.499603	 -84.841509                                                                                             
KY	21189	00516941	Owsley County	4755	2328	511282528	2286419	     197.407	       0.883	 37.423452	 -83.691566                                                                                            
KY	21191	00516942	Pendleton County	14877	6339	717833417	12330627	     277.157	       4.761	 38.690765	 -84.354040                                                                                       
KY	21193	00516943	Perry County	28712	12791	879740535	7613385	     339.670	       2.940	 37.241282	 -83.217772                                                                                           
KY	21195	00516944	Pike County	65024	30304	2037887589	4756870	     786.833	       1.837	 37.482067	 -82.402869                                                                                           
KY	21197	00516945	Powell County	12613	5598	463554647	2958483	     178.979	       1.142	 37.810379	 -83.826985                                                                                           
KY	21199	00516946	Pulaski County	63063	31443	1705268187	48553203	     658.408	      18.746	 37.108312	 -84.579986                                                                                       
KY	21201	00516947	Robertson County	2282	1095	258767993	485275	      99.911	       0.187	 38.513826	 -84.063757                                                                                          
KY	21203	00516948	Rockcastle County	17056	7703	819847035	4018095	     316.545	       1.551	 37.361220	 -84.314419                                                                                       
KY	21205	00516949	Rowan County	23333	10102	724666477	16759176	     279.795	       6.471	 38.205894	 -83.425969                                                                                          
KY	21207	00516950	Russell County	17565	9993	656969251	75675029	     253.657	      29.218	 36.989127	 -85.058976                                                                                         
KY	21209	00516951	Scott County	47173	19303	729770453	9497606	     281.766	       3.667	 38.289882	 -84.579376                                                                                           
KY	21211	00516952	Shelby County	42074	16606	983253588	15631379	     379.636	       6.035	 38.239426	 -85.228360                                                                                         
KY	21213	00516953	Simpson County	17327	7435	606585453	5857421	     234.204	       2.262	 36.740863	 -86.581464                                                                                          
KY	21215	00516954	Spencer County	17061	6704	483492140	12898484	     186.677	       4.980	 38.026976	 -85.321525                                                                                         
KY	21217	00516955	Taylor County	24512	10864	689784222	27170078	     266.327	      10.490	 37.365106	 -85.326698                                                                                         
KY	21219	00516956	Todd County	12460	5286	969940558	6631006	     374.496	       2.560	 36.840338	 -87.183642                                                                                             
KY	21221	00516957	Trigg County	14339	7810	1143307323	103330640	     441.433	      39.896	 36.807681	 -87.858652                                                                                         
KY	21223	00516958	Trimble County	8809	3930	392766226	11833580	     151.648	       4.569	 38.618193	 -85.355171                                                                                          
KY	21225	00516959	Union County	15007	6141	887974290	53167872	     342.849	      20.528	 37.658029	 -87.951650                                                                                           
KY	21227	00516960	Warren County	113792	47223	1402737981	15447160	     541.600	       5.964	 36.995634	 -86.423579                                                                                       
KY	21229	00516961	Washington County	11717	5044	769916143	10191544	     297.266	       3.935	 37.754209	 -85.175416                                                                                      
KY	21231	00516962	Wayne County	20813	10942	1186655607	67316177	     458.170	      25.991	 36.802011	 -84.830440                                                                                         
KY	21233	00516963	Webster County	13621	5936	859728365	9614705	     331.943	       3.712	 37.520021	 -87.685095                                                                                          
KY	21235	00516964	Whitley County	35637	15166	1133973877	18877541	     437.830	       7.289	 36.758021	 -84.144550                                                                                       
KY	21237	00516965	Wolfe County	7355	3660	575419453	1505069	     222.171	       0.581	 37.743774	 -83.495068                                                                                             
KY	21239	00516966	Woodford County	24939	10711	488948318	8423091	     188.784	       3.252	 38.042789	 -84.748147                                                                                                                                                                                         
MD	24001	01713506	Allegany County	75087	33311	1098563627	14954037	     424.158	       5.774	 39.612309	 -78.703108                                                                                      
MD	24003	01710958	Anne Arundel County	537656	212562	1074590684	447805092	     414.902	     172.899	 38.993374	 -76.560511                                                                               
MD	24005	01695314	Baltimore County	805029	335622	1549594703	216144619	     598.302	      83.454	 39.443167	 -76.616569                                                                                  
MD	24009	01676636	Calvert County	88737	33780	552061078	341669638	     213.152	     131.919	 38.521357	 -76.525864                                                                                       
MD	24011	00595737	Caroline County	33066	13482	827292416	16789670	     319.419	       6.483	 38.871531	 -75.831631                                                                                       
MD	24013	01696228	Carroll County	167134	62406	1159264845	13190001	     447.595	       5.093	 39.563189	 -77.015512                                                                                      
MD	24015	00596115	Cecil County	101108	41103	896842957	185350813	     346.273	      71.564	 39.562352	 -75.941584                                                                                        
MD	24017	01676992	Charles County	146551	54963	1185563933	479715576	     457.749	     185.219	 38.472853	 -77.015427                                                                                     
MD	24019	00596495	Dorchester County	32618	16554	1400575316	1145393243	     540.765	     442.239	 38.429196	 -76.047433                                                                                  
MD	24021	01711211	Frederick County	233385	90136	1709964627	18537350	     660.221	       7.157	 39.470427	 -77.397626                                                                                    
MD	24023	01711058	Garrett County	30097	18854	1675989023	22363466	     647.103	       8.635	 39.529871	 -79.269416                                                                                       
MD	24025	01698178	Harford County	244826	95554	1132055422	231943998	     437.089	      89.554	 39.537429	 -76.299789                                                                                     
MD	24027	01709077	Howard County	287085	109282	649416399	6871682	     250.741	       2.653	 39.252264	 -76.924406                                                                                        
MD	24029	00593907	Kent County	20197	10549	717505271	353313295	     277.030	     136.415	 39.239176	 -76.124200                                                                                          
MD	24031	01712500	Montgomery County	971777	375905	1272343169	40645480	     491.254	      15.693	 39.137381	 -77.203063                                                                                  
MD	24033	01714670	Prince George's County	863420	328182	1250163582	41816219	     482.691	      16.145	 38.825880	 -76.847272                                                                             
MD	24035	00596089	Queen Anne's County	47798	20140	963235987	359449898	     371.908	     138.784	 39.040693	 -76.082405                                                                                  
MD	24037	01697853	St. Mary's County	105151	41282	925092041	1054309969	     357.180	     407.071	 38.222666	 -76.534271                                                                                  
MD	24039	00596907	Somerset County	26470	11130	828079452	752725351	     319.723	     290.629	 38.074450	 -75.853323                                                                                      
MD	24041	00592947	Talbot County	37782	19577	695511159	539409159	     268.538	     208.267	 38.749427	 -76.179130                                                                                        
MD	24043	01714220	Washington County	147430	60814	1185644157	24769174	     457.780	       9.563	 39.603621	 -77.814671                                                                                   
MD	24045	01668606	Wicomico County	98733	41192	969804281	66808582	     374.444	      25.795	 38.367389	 -75.632206                                                                                       
MD	24047	01668802	Worcester County	51454	55749	1212841011	586834971	     468.281	     226.578	 38.222133	 -75.309931                                                                                    
MD	24510	01702381	Baltimore city	620961	296685	209643241	28768302	      80.944	      11.108	 39.300213	 -76.610516                                                                                                                                                                                      
IA	19001	00465190	Adair County	7682	3698	1474404167	2597997	     569.271	       1.003	 41.328528	 -94.478164                                                                                            
IA	19003	00465191	Adams County	4029	2010	1096700733	5353423	     423.439	       2.067	 41.021656	 -94.696906                                                                                            
IA	19005	00465192	Allamakee County	14330	7617	1655214493	50995230	     639.082	      19.689	 43.274964	 -91.382751                                                                                      
IA	19007	00465193	Appanoose County	12887	6633	1287981483	49083877	     497.292	      18.951	 40.744683	 -92.870345                                                                                      
IA	19009	00465194	Audubon County	6119	2972	1147264459	1152260	     442.961	       0.445	 41.679178	 -94.904312                                                                                          
IA	19011	00465195	Benton County	26076	11095	1855117342	5760770	     716.265	       2.224	 42.092547	 -92.057630                                                                                         
IA	19013	00465196	Black Hawk County	131090	55887	1465333940	17900114	     565.769	       6.911	 42.472888	 -92.306059                                                                                   
IA	19015	00465197	Boone County	26306	11756	1480356844	5364798	     571.569	       2.071	 42.038601	 -93.939138                                                                                          
IA	19017	00465198	Bremer County	24276	9915	1127880105	10171939	     435.477	       3.927	 42.780890	 -92.327586                                                                                         
IA	19019	00465199	Buchanan County	20958	8968	1478934897	5427652	     571.020	       2.096	 42.470328	 -91.838666                                                                                        
IA	19021	00465200	Buena Vista County	20260	8237	1489022575	13758158	     574.915	       5.312	 42.741522	 -95.141433                                                                                    
IA	19023	00465201	Butler County	14867	6682	1502533262	4209738	     580.131	       1.625	 42.734708	 -92.780066                                                                                          
IA	19025	00465202	Calhoun County	9670	5108	1476209027	5560503	     569.968	       2.147	 42.386170	 -94.643683                                                                                          
IA	19027	00465203	Carroll County	20816	9376	1474835105	2145362	     569.437	       0.828	 42.039492	 -94.867647                                                                                         
IA	19029	00465204	Cass County	13956	6591	1461450856	1758815	     564.269	       0.679	 41.333824	 -94.933302                                                                                            
IA	19031	00465205	Cedar County	18499	8064	1500731293	6385840	     579.436	       2.466	 41.772355	 -91.132190                                                                                           
IA	19033	00465206	Cerro Gordo County	44151	22163	1471923432	17626527	     568.313	       6.806	 43.075171	 -93.251266                                                                                   
IA	19035	00465207	Cherokee County	12072	5777	1494180371	423187	     576.906	       0.163	 42.742738	 -95.633262                                                                                         
IA	19037	00465208	Chickasaw County	12439	5679	1306338733	3309332	     504.380	       1.278	 43.059741	 -92.317210                                                                                       
IA	19039	00465209	Clarke County	9286	4086	1116716080	1524746	     431.167	       0.589	 41.029191	 -93.784096                                                                                           
IA	19041	00465625	Clay County	16667	8062	1469139214	13866941	     567.238	       5.354	 43.079822	 -95.149726                                                                                           
IA	19043	00465210	Clayton County	18129	8999	2016405612	36586071	     778.539	      14.126	 42.840998	 -91.323511                                                                                        
IA	19045	00465211	Clinton County	49116	21733	1799821282	39523759	     694.915	      15.260	 41.898073	 -90.534243                                                                                       
IA	19047	00465212	Crawford County	17096	6943	1849742893	2194275	     714.190	       0.847	 42.043119	 -95.389090                                                                                        
IA	19049	00465213	Dallas County	66135	27260	1524070766	8421379	     588.447	       3.252	 41.685321	 -94.040707                                                                                         
IA	19051	00465214	Davis County	8753	3600	1300661956	6904100	     502.188	       2.666	 40.748089	 -92.410345                                                                                            
IA	19053	00465215	Decatur County	8457	3834	1377566066	4142102	     531.881	       1.599	 40.736379	 -93.784580                                                                                          
IA	19055	00465216	Delaware County	17764	8028	1496381153	3082496	     577.756	       1.190	 42.473003	 -91.359442                                                                                        
IA	19057	00465217	Des Moines County	40325	18535	1077754850	35294123	     416.123	      13.627	 40.915339	 -91.186925                                                                                    
IA	19059	00465218	Dickinson County	16667	12849	985764366	60490800	     380.606	      23.356	 43.389611	 -95.196057                                                                                      
IA	19061	00465219	Dubuque County	93653	38951	1575501687	21569071	     608.305	       8.328	 42.463481	 -90.878771                                                                                       
IA	19063	00465220	Emmet County	10302	4758	1025333118	17196398	     395.883	       6.640	 43.377984	 -94.669370                                                                                          
IA	19065	00465221	Fayette County	20880	9558	1892791345	1334074	     730.811	       0.515	 42.864450	 -91.839373                                                                                         
IA	19067	00465222	Floyd County	16303	7526	1296631086	1942569	     500.632	       0.750	 43.052741	 -92.787367                                                                                           
IA	19069	00465223	Franklin County	10680	4894	1507301318	1428932	     581.972	       0.552	 42.736549	 -93.271425                                                                                        
IA	19071	00465224	Fremont County	7441	3431	1323872918	14214133	     511.150	       5.488	 40.743726	 -95.599516                                                                                         
IA	19073	00465225	Greene County	9336	4546	1475188829	4249897	     569.574	       1.641	 42.042494	 -94.388703                                                                                           
IA	19075	00465226	Grundy County	12453	5530	1299805924	94406	     501.858	       0.036	 42.403323	 -92.790261                                                                                            
IA	19077	00465227	Guthrie County	10954	5756	1529699184	6355537	     590.620	       2.454	 41.683573	 -94.501272                                                                                         
IA	19079	00465228	Hamilton County	15673	7219	1493777716	1965344	     576.751	       0.759	 42.390768	 -93.709198                                                                                        
IA	19081	00465229	Hancock County	11341	5330	1478894985	5265572	     571.005	       2.033	 43.075411	 -93.743697                                                                                         
IA	19083	00465230	Hardin County	17534	8224	1474498672	1773894	     569.307	       0.685	 42.389955	 -93.241081                                                                                          
IA	19085	00465231	Harrison County	14928	6731	1804827800	12417759	     696.848	       4.795	 41.688584	 -95.827149                                                                                       
IA	19087	00465232	Henry County	20145	8280	1124904348	5780284	     434.328	       2.232	 40.985864	 -91.544270                                                                                           
IA	19089	00465233	Howard County	9566	4367	1225706425	927963	     473.248	       0.358	 43.365312	 -92.321908                                                                                            
IA	19091	00465234	Humboldt County	9815	4684	1124967281	3406139	     434.352	       1.315	 42.782221	 -94.202775                                                                                         
IA	19093	00465235	Ida County	7089	3426	1117599646	1406468	     431.508	       0.543	 42.391860	 -95.507421                                                                                              
IA	19095	00465236	Iowa County	16355	7258	1518916014	2686847	     586.457	       1.037	 41.683918	 -92.059123                                                                                            
IA	19097	00465237	Jackson County	19848	9415	1647332960	35141529	     636.039	      13.568	 42.164281	 -90.574596                                                                                        
IA	19099	00465238	Jasper County	36842	16181	1891779160	6565706	     730.420	       2.535	 41.685686	 -93.052971                                                                                         
IA	19101	00465239	Jefferson County	16843	7594	1127964789	3538407	     435.510	       1.366	 41.006880	 -91.967137                                                                                       
IA	19103	00465240	Johnson County	130882	55967	1590355537	23595204	     614.040	       9.110	 41.668736	 -91.588812                                                                                      
IA	19105	00465241	Jones County	20638	8911	1490851138	3582593	     575.621	       1.383	 42.125118	 -91.116914                                                                                           
IA	19107	00465242	Keokuk County	10511	4931	1500067240	1929331	     579.179	       0.745	 41.331182	 -92.167721                                                                                          
IA	19109	00465243	Kossuth County	15543	7486	2519332852	4154729	     972.720	       1.604	 43.212478	 -94.213983                                                                                         
IA	19111	00465244	Lee County	35862	16205	1340366450	55293745	     517.518	      21.349	 40.647588	 -91.477157                                                                                           
IA	19113	00465245	Linn County	211226	92251	1856710588	19748575	     716.880	       7.625	 42.077951	 -91.597674                                                                                         
IA	19115	00465246	Louisa County	11387	5002	1040569636	40798459	     401.766	      15.752	 41.218211	 -91.256994                                                                                         
IA	19117	00465247	Lucas County	8898	4238	1115231642	9852849	     430.593	       3.804	 41.033344	 -93.331467                                                                                            
IA	19119	00465248	Lyon County	11581	4848	1522007130	334472	     587.650	       0.129	 43.383580	 -96.207201                                                                                             
IA	19121	00465249	Madison County	15679	6554	1452999410	2983842	     561.006	       1.152	 41.330622	 -94.015184                                                                                         
IA	19123	00465250	Mahaska County	22381	9766	1478527687	6564800	     570.863	       2.535	 41.330797	 -92.636366                                                                                         
IA	19125	00465251	Marion County	33309	13914	1436237259	41374638	     554.534	      15.975	 41.331455	 -93.093849                                                                                        
IA	19127	00465252	Marshall County	40648	16831	1482770678	1803086	     572.501	       0.696	 42.041691	 -92.981452                                                                                       
IA	19129	00465253	Mills County	15059	6109	1132956394	8306523	     437.437	       3.207	 41.033703	 -95.619101                                                                                           
IA	19131	00465254	Mitchell County	10776	4850	1215049026	1118418	     469.133	       0.432	 43.348564	 -92.784466                                                                                        
IA	19133	00465255	Monona County	9243	4697	1797638295	12591879	     694.072	       4.862	 42.049432	 -95.956566                                                                                          
IA	19135	00465256	Monroe County	7970	3884	1123316981	1522806	     433.715	       0.588	 41.028847	 -92.869642                                                                                           
IA	19137	00465257	Montgomery County	10740	5239	1098405666	2410460	     424.097	       0.931	 41.021735	 -95.157790                                                                                      
IA	19139	00465258	Muscatine County	42745	17910	1133040484	30198875	     437.469	      11.660	 41.483776	 -91.118699                                                                                     
IA	19141	00465259	O'Brien County	14398	6649	1484154091	447448	     573.035	       0.173	 43.083746	 -95.625624                                                                                          
IA	19143	00465260	Osceola County	6462	2990	1032587437	1835265	     398.684	       0.709	 43.378542	 -95.633788                                                                                          
IA	19145	00465261	Page County	15932	7181	1385494422	1359125	     534.942	       0.525	 40.739090	 -95.144290                                                                                            
IA	19147	00465262	Palo Alto County	9421	4628	1460349241	14480046	     563.844	       5.591	 43.075854	 -94.667296                                                                                       
IA	19149	00465263	Plymouth County	24986	10550	2234881736	2177308	     862.893	       0.841	 42.737585	 -96.215864                                                                                       
IA	19151	00465264	Pocahontas County	7310	3794	1495047042	3666526	     577.241	       1.416	 42.734033	 -94.678279                                                                                       
IA	19153	00465265	Polk County	430640	182262	1486121332	45945876	     573.795	      17.740	 41.684281	 -93.569720                                                                                        
IA	19155	00465266	Pottawattamie County	93158	39330	2461213949	22925740	     950.280	       8.852	 41.340184	 -95.544905                                                                                 
IA	19157	00465267	Poweshiek County	18914	8949	1514967877	2939136	     584.932	       1.135	 41.684526	 -92.522882                                                                                       
IA	19159	00465268	Ringgold County	5131	2613	1386933932	8721518	     535.498	       3.367	 40.735334	 -94.244251                                                                                         
IA	19161	00465269	Sac County	10350	5429	1489272900	8596902	     575.012	       3.319	 42.387526	 -95.105224                                                                                             
IA	19163	00465270	Scott County	165224	71835	1186444226	26215864	     458.089	      10.122	 41.641679	 -90.622290                                                                                        
IA	19165	00465271	Shelby County	12167	5542	1530110414	1486135	     590.779	       0.574	 41.679014	 -95.308917                                                                                          
IA	19167	00465272	Sioux County	33704	12279	1989969635	1707495	     768.332	       0.659	 43.082854	 -96.177929                                                                                          
IA	19169	00465273	Story County	89542	36789	1483592867	2152172	     572.818	       0.831	 42.037538	 -93.466093                                                                                          
IA	19171	00465274	Tama County	17767	7766	1867411117	2769451	     721.011	       1.069	 42.074848	 -92.529411                                                                                            
IA	19173	00465275	Taylor County	6317	3107	1377618597	7133648	     531.902	       2.754	 40.737949	 -94.697108                                                                                           
IA	19175	00465276	Union County	12534	5937	1097235730	5575916	     423.645	       2.153	 41.028550	 -94.245091                                                                                           
IA	19177	00465277	Van Buren County	7570	3670	1255597645	14839903	     484.789	       5.730	 40.754117	 -91.952943                                                                                       
IA	19179	00465278	Wapello County	35625	16098	1118443326	10846138	     431.833	       4.188	 41.031263	 -92.409482                                                                                       
IA	19181	00465279	Warren County	46225	18371	1475844938	9125380	     569.827	       3.523	 41.336769	 -93.564366                                                                                         
IA	19183	00465280	Washington County	21704	9516	1473276393	5399692	     568.835	       2.085	 41.329401	 -91.725052                                                                                      
IA	19185	00465281	Wayne County	6403	3212	1360874542	4441137	     525.437	       1.715	 40.739983	 -93.332613                                                                                            
IA	19187	00465282	Webster County	38013	17035	1853443769	7277623	     715.619	       2.810	 42.434397	 -94.179156                                                                                        
IA	19189	00465283	Winnebago County	10866	5194	1037261544	3182052	     400.489	       1.229	 43.378124	 -93.743488                                                                                       
IA	19191	00465284	Winneshiek County	21056	8721	1786750121	698598	     689.868	       0.270	 43.292989	 -91.850788                                                                                       
IA	19193	00465285	Woodbury County	102172	41484	2260629616	12793293	     872.834	       4.940	 42.393220	 -96.053296                                                                                     
IA	19195	00465286	Worth County	7598	3548	1036314948	4709127	     400.123	       1.818	 43.373491	 -93.248533                                                                                            
IA	19197	00465287	Wright County	13229	6529	1503286817	4703964	     580.422	       1.816	 42.733007	 -93.734735                                                                                                                                                                                             
KS	20001	00484970	Allen County	13371	6226	1295779123	13007076	     500.303	       5.022	 37.884228	 -95.300945                                                                                          
KS	20003	00484971	Anderson County	8102	3720	1501276302	10586961	     579.646	       4.088	 38.215114	 -95.292046                                                                                        
KS	20005	00484972	Atchison County	16924	6990	1116729659	6857598	     431.172	       2.648	 39.532544	 -95.313397                                                                                        
KS	20007	00484973	Barber County	4861	2765	2937235546	5420045	    1134.073	       2.093	 37.222906	 -98.685052                                                                                           
KS	20009	00484974	Barton County	27674	12696	2319075093	13557185	     895.400	       5.234	 38.481239	 -98.767837                                                                                        
KS	20011	00484975	Bourbon County	15173	7167	1645861744	9377657	     635.471	       3.621	 37.856100	 -94.850928                                                                                         
KS	20013	00484976	Brown County	9984	4779	1478551884	3196161	     570.872	       1.234	 39.825931	 -95.569905                                                                                            
KS	20015	00484977	Butler County	65880	26058	3703329246	43160444	    1429.863	      16.664	 37.773681	 -96.838762                                                                                        
KS	20017	00484978	Chase County	2790	1503	2002216830	12088093	     773.060	       4.667	 38.298553	 -96.594064                                                                                           
KS	20019	00484979	Chautauqua County	3669	2150	1654693205	15244179	     638.881	       5.886	 37.154259	 -96.245396                                                                                      
KS	20021	00484980	Cherokee County	21603	9890	1521793550	8948884	     587.568	       3.455	 37.169392	 -94.845698                                                                                        
KS	20023	00484981	Cheyenne County	2726	1518	2641495949	2738022	    1019.887	       1.057	 39.789256	-101.727302                                                                                         
KS	20025	00484982	Clark County	2215	1135	2524286181	6604959	     974.632	       2.550	 37.233831	 -99.813869                                                                                            
KS	20027	00484983	Clay County	8535	4042	1671322093	26674040	     645.301	      10.299	 39.344964	 -97.168853                                                                                            
KS	20029	00484984	Cloud County	9533	4659	1852726587	6859864	     715.342	       2.649	 39.487329	 -97.641390                                                                                            
KS	20031	00484985	Coffey County	8601	3964	1623784229	70310651	     626.947	      27.147	 38.236450	 -95.729137                                                                                          
KS	20033	00484986	Comanche County	1891	1044	2041681413	3604153	     788.298	       1.392	 37.189071	 -99.254089                                                                                         
KS	20035	00484987	Cowley County	36311	16030	2915679697	17291321	    1125.750	       6.676	 37.234507	 -96.837247                                                                                        
KS	20037	00484988	Crawford County	39134	17801	1527461827	13611094	     589.756	       5.255	 37.505628	 -94.853941                                                                                      
KS	20039	00484989	Decatur County	2961	1818	2314199313	1631670	     893.517	       0.630	 39.783542	-100.459708                                                                                          
KS	20041	00484990	Dickinson County	19754	8972	2193906542	12634524	     847.072	       4.878	 38.867735	 -97.157943                                                                                      
KS	20043	00484991	Doniphan County	7945	3576	1018914848	12615016	     393.405	       4.871	 39.788502	 -95.147225                                                                                        
KS	20045	00484992	Douglas County	110826	46731	1180699859	48602935	     455.871	      18.766	 38.896573	 -95.290529                                                                                      
KS	20047	00484993	Edwards County	3037	1636	1610697086	208568	     621.894	       0.081	 37.883595	 -99.304746                                                                                           
KS	20049	00484994	Elk County	2882	1760	1668637984	16061465	     644.265	       6.201	 37.456026	 -96.244642                                                                                             
KS	20051	00484995	Ellis County	28452	12872	2330762469	1197085	     899.912	       0.462	 38.914596	 -99.317329                                                                                          
KS	20053	00484996	Ellsworth County	6497	3239	1854034693	19270084	     715.847	       7.440	 38.700845	 -98.205355                                                                                       
KS	20055	00485326	Finney County	36776	13276	3372079580	1825540	    1301.967	       0.705	 38.049855	-100.739929                                                                                         
KS	20057	00484997	Ford County	33848	12005	2844508251	2097359	    1098.271	       0.810	 37.688365	 -99.884734                                                                                           
KS	20059	00484998	Franklin County	25992	11147	1480840246	13936113	     571.756	       5.381	 38.558019	 -95.278962                                                                                      
KS	20061	00484999	Geary County	34362	14517	996156662	51455057	     384.618	      19.867	 39.002155	 -96.768038                                                                                          
KS	20063	00485000	Gove County	2695	1373	2775599078	245361	    1071.665	       0.095	 38.917239	-100.487360                                                                                              
KS	20065	00481811	Graham County	2597	1484	2327160854	599432	     898.522	       0.231	 39.349445	 -99.880952                                                                                            
KS	20067	00485099	Grant County	7829	2945	1488724794	892455	     574.800	       0.345	 37.547537	-101.299362                                                                                             
KS	20069	00485001	Gray County	6006	2340	2250356182	1113338	     868.867	       0.430	 37.744513	-100.451716                                                                                             
KS	20071	00485002	Greeley County	1247	629	2016176814	0	     778.450	       0.000	 38.480408	-101.805984                                                                                                 
KS	20073	00485003	Greenwood County	6689	4068	2961132699	24155799	    1143.300	       9.327	 37.878659	 -96.242232                                                                                       
KS	20075	00485327	Hamilton County	2690	1236	2580942885	2904549	     996.508	       1.121	 37.995244	-101.793689                                                                                         
KS	20077	00485004	Harper County	6034	3116	2075276375	3913474	     801.269	       1.511	 37.188184	 -98.066590                                                                                           
KS	20079	00485005	Harvey County	34684	14527	1397957172	2507542	     539.754	       0.968	 38.050144	 -97.436706                                                                                         
KS	20081	00485328	Haskell County	4256	1666	1495773065	910409	     577.521	       0.352	 37.558550	-100.876869                                                                                           
KS	20083	00485006	Hodgeman County	1916	973	2227369168	826344	     859.992	       0.319	 38.087493	 -99.898407                                                                                           
KS	20085	00485007	Jackson County	13462	5779	1699594134	4666496	     656.217	       1.802	 39.410989	 -95.794509                                                                                         
KS	20087	00485008	Jefferson County	19126	8160	1379359803	62427436	     532.574	      24.103	 39.239644	 -95.375314                                                                                      
KS	20089	00485009	Jewell County	3077	2032	2356321996	11859548	     909.781	       4.579	 39.777010	 -98.222584                                                                                          
KS	20091	00485010	Johnson County	544179	226571	1226034453	16890687	     473.375	       6.522	 38.883907	 -94.822330                                                                                     
KS	20093	00485011	Kearny County	3977	1556	2254697108	1133601	     870.543	       0.438	 37.994461	-101.308136                                                                                           
KS	20095	00485012	Kingman County	7858	3818	2236099115	8536481	     863.363	       3.296	 37.552951	 -98.144529                                                                                          
KS	20097	00485013	Kiowa County	2553	1220	1871626797	596764	     722.639	       0.230	 37.561231	 -99.286539                                                                                             
KS	20099	00485014	Labette County	21607	10092	1671305414	20261495	     645.295	       7.823	 37.191468	 -95.297473                                                                                       
KS	20101	00485015	Lane County	1750	990	1858200248	551220	     717.455	       0.213	 38.481286	-100.466185                                                                                               
KS	20103	00485016	Leavenworth County	76227	28697	1198726879	15905519	     462.831	       6.141	 39.189511	 -95.038977                                                                                   
KS	20105	00485017	Lincoln County	3241	1864	1863226611	2748359	     719.396	       1.061	 39.047276	 -98.214265                                                                                          
KS	20107	00485018	Linn County	9656	5446	1538604962	31951412	     594.059	      12.337	 38.216549	 -94.844932                                                                                            
KS	20109	00485019	Logan County	2756	1441	2779042457	274632	    1072.994	       0.106	 38.913269	-101.157407                                                                                             
KS	20111	00485020	Lyon County	33690	15237	2194947808	20572299	     847.474	       7.943	 38.455498	 -96.161589                                                                                          
KS	20113	00485021	McPherson County	29180	12721	2326520077	6030285	     898.274	       2.328	 38.395812	 -97.647489                                                                                      
KS	20115	00485022	Marion County	12660	5946	2445700985	24448971	     944.290	       9.440	 38.359647	 -97.102771                                                                                         
KS	20117	00485023	Marshall County	10117	4866	2331463499	12753940	     900.183	       4.924	 39.782709	 -96.521243                                                                                       
KS	20119	00485024	Meade County	4575	1998	2533234935	3258258	     978.088	       1.258	 37.243886	-100.360094                                                                                            
KS	20121	00485025	Miami County	32787	13190	1490955548	37799723	     575.661	      14.595	 38.566772	 -94.832963                                                                                         
KS	20123	00485026	Mitchell County	6373	3296	1817632788	44979984	     701.792	      17.367	 39.393026	 -98.207362                                                                                        
KS	20125	00485027	Montgomery County	35471	16578	1666728264	20601764	     643.527	       7.954	 37.189537	 -95.742403                                                                                    
KS	20127	00485028	Morris County	5923	3206	1800763909	19710791	     695.279	       7.610	 38.687696	 -96.644905                                                                                          
KS	20129	00485135	Morton County	3233	1467	1889993253	507841	     729.731	       0.196	 37.185249	-101.809516                                                                                            
KS	20131	00485029	Nemaha County	10178	4562	1858126462	5207942	     717.427	       2.011	 39.791043	 -96.005381                                                                                          
KS	20133	00485030	Neosho County	16512	7513	1480106485	16374157	     571.472	       6.322	 37.564283	 -95.315683                                                                                         
KS	20135	00485031	Ness County	3107	1740	2783590502	667491	    1074.750	       0.258	 38.480437	 -99.908745                                                                                              
KS	20137	00485032	Norton County	5671	2542	2274357034	8194926	     878.134	       3.164	 39.783867	 -99.899235                                                                                           
KS	20139	00485033	Osage County	16295	7503	1827283988	37107137	     705.518	      14.327	 38.649706	 -95.727275                                                                                          
KS	20141	00485034	Osborne County	3858	2206	2311573881	4806274	     892.504	       1.856	 39.348649	 -98.767876                                                                                          
KS	20143	00485035	Ottawa County	6091	2779	1866689468	1561343	     720.733	       0.603	 39.137963	 -97.654802                                                                                           
KS	20145	00485036	Pawnee County	6973	3152	1953531750	992040	     754.263	       0.383	 38.182873	 -99.232154                                                                                            
KS	20147	00485037	Phillips County	5642	3049	2294410181	22493391	     885.877	       8.685	 39.784506	 -99.342150                                                                                        
KS	20149	00485038	Pottawatomie County	21604	8626	2178235871	54103438	     841.022	      20.889	 39.382187	 -96.337113                                                                                   
KS	20151	00485039	Pratt County	9656	4514	1903757176	1753615	     735.045	       0.677	 37.647594	 -98.740120                                                                                            
KS	20153	00485040	Rawlins County	2519	1458	2769775797	415527	    1069.416	       0.160	 39.786198	-101.076738                                                                                           
KS	20155	00485041	Reno County	64511	28274	3251332369	43417440	    1255.346	      16.764	 37.948185	 -98.078346                                                                                          
KS	20157	00485042	Republic County	4980	2877	1857981647	7967119	     717.371	       3.076	 39.828910	 -97.650921                                                                                         
KS	20159	00485043	Rice County	10083	4548	1880944775	4470099	     726.237	       1.726	 38.347178	 -98.201415                                                                                            
KS	20161	00485044	Riley County	71115	28212	1579300177	31558381	     609.771	      12.185	 39.291211	 -96.727489                                                                                         
KS	20163	00485045	Rooks County	5181	2768	2306470146	11962259	     890.533	       4.619	 39.346006	 -99.324492                                                                                           
KS	20165	00485358	Rush County	3307	1869	1858997569	544720	     717.763	       0.210	 38.523592	 -99.309183                                                                                              
KS	20167	00485046	Russell County	6970	3910	2295402664	34126812	     886.260	      13.176	 38.916839	 -98.765638                                                                                         
KS	20169	00485047	Saline County	55606	24101	1865373525	2809945	     720.225	       1.085	 38.786327	 -97.650153                                                                                         
KS	20171	00485048	Scott County	4936	2193	1858430303	306079	     717.544	       0.118	 38.481877	-100.906360                                                                                             
KS	20173	00485049	Sedgwick County	498365	211593	2583543968	30067177	     997.512	      11.609	 37.683807	 -97.459451                                                                                    
KS	20175	00485050	Seward County	22952	8061	1656290756	2562633	     639.497	       0.989	 37.180585	-100.854741                                                                                          
KS	20177	00485051	Shawnee County	177934	79140	1408995941	30330019	     544.016	      11.710	 39.041805	 -95.755664                                                                                      
KS	20179	00485052	Sheridan County	2556	1265	2320518450	647342	     895.957	       0.250	 39.350542	-100.441206                                                                                          
KS	20181	00485053	Sherman County	6010	3148	2735199253	548248	    1056.066	       0.212	 39.351352	-101.719859                                                                                           
KS	20183	00484969	Smith County	3853	2232	2319243495	3884277	     895.465	       1.500	 39.784660	 -98.785429                                                                                            
KS	20185	00485054	Stafford County	4437	2319	2051389748	7435429	     792.046	       2.871	 38.035630	 -98.719889                                                                                         
KS	20187	00485055	Stanton County	2235	990	1762086193	180151	     680.345	       0.070	 37.565932	-101.789383                                                                                            
KS	20189	00485056	Stevens County	5724	2306	1883679100	464936	     727.293	       0.180	 37.202356	-101.315796                                                                                           
KS	20191	00481812	Sumner County	24132	10865	3061212453	7806166	    1181.941	       3.014	 37.236663	 -97.493349                                                                                         
KS	20193	00485057	Thomas County	7900	3536	2783425324	288241	    1074.687	       0.111	 39.357706	-101.083438                                                                                            
KS	20195	00485058	Trego County	3001	1682	2303736575	26281954	     889.478	      10.148	 38.921302	 -99.865423                                                                                           
KS	20197	00485059	Wabaunsee County	7053	3227	2057231892	13774702	     794.302	       5.318	 38.955154	 -96.201262                                                                                       
KS	20199	00485060	Wallace County	1485	781	2366348080	140928	     913.652	       0.054	 38.926626	-101.771103                                                                                            
KS	20201	00485061	Washington County	5799	2955	2317406254	10140054	     894.756	       3.915	 39.776714	 -97.095611                                                                                      
KS	20203	00485062	Wichita County	2234	1054	1861082136	61987	     718.568	       0.024	 38.481922	-101.347434                                                                                            
KS	20205	00485063	Wilson County	9409	4682	1477377048	12057368	     570.418	       4.655	 37.558515	 -95.745175                                                                                          
KS	20207	00485064	Woodson County	3309	2022	1289347304	19251707	     497.820	       7.433	 37.888484	 -95.757553                                                                                         
KS	20209	00485065	Wyandotte County	157505	66747	392642353	11895464	     151.600	       4.593	 39.115384	 -94.763087                                                                                                  
LA	22001	00558389	Acadia Parish	61773	25387	1696750566	6048801	     655.119	       2.335	 30.291497	 -92.411037                                                                                         
LA	22003	00558397	Allen Parish	25764	9733	1973174715	10636650	     761.847	       4.107	 30.652744	 -92.819605                                                                                          
LA	22005	00558403	Ascension Parish	107215	40784	751046853	33164667	     289.981	      12.805	 30.202946	 -90.910023                                                                                     
LA	22007	00558414	Assumption Parish	23421	10351	877120860	67008877	     338.658	      25.872	 29.899884	 -91.050528                                                                                     
LA	22009	00558424	Avoyelles Parish	42073	18042	2155994488	86273188	     832.434	      33.310	 31.085094	 -91.993797                                                                                     
LA	22011	00558436	Beauregard Parish	35654	15040	2997501973	21999317	    1157.342	       8.494	 30.645018	 -93.340253                                                                                    
LA	22013	00558445	Bienville Parish	14353	7718	2101174885	27977807	     811.268	      10.802	 32.344268	 -93.061513                                                                                      
LA	22015	00558453	Bossier Parish	116979	49351	2175737961	70351401	     840.057	      27.163	 32.696202	 -93.617977                                                                                      
LA	22017	00558458	Caddo Parish	254969	112028	2275405029	150956656	     878.539	      58.285	 32.577195	 -93.882423                                                                                      
LA	22019	00558468	Calcasieu Parish	192768	82058	2754864273	79292408	    1063.659	      30.615	 30.229559	 -93.358015                                                                                    
LA	22021	00558477	Caldwell Parish	10132	4994	1371203807	29277275	     529.425	      11.304	 32.101244	 -92.114180                                                                                       
LA	22023	00558488	Cameron Parish	6839	3593	3327842145	1688107736	    1284.887	     651.782	 29.871989	 -93.165437                                                                                       
LA	22025	00558495	Catahoula Parish	10407	4877	1833789263	81301245	     708.030	      31.391	 31.666517	 -91.846703                                                                                      
LA	22027	00558505	Claiborne Parish	17195	7761	1955125902	32473234	     754.878	      12.538	 32.827585	 -92.991125                                                                                      
LA	22029	00558515	Concordia Parish	20822	9383	1805014057	130488156	     696.920	      50.382	 31.469805	 -91.626314                                                                                     
LA	22031	00558521	De Soto Parish	26656	12290	2267739158	49233952	     875.579	      19.009	 32.059248	 -93.740797                                                                                       
LA	22033	00558530	East Baton Rouge Parish	440171	187353	1179412087	38490958	     455.374	      14.861	 30.544002	 -91.093174                                                                            
LA	22035	00558534	East Carroll Parish	7759	2904	1089619046	56273969	     420.704	      21.728	 32.730170	 -91.234141                                                                                    
LA	22037	00558542	East Feliciana Parish	20267	8014	1174325549	6133295	     453.410	       2.368	 30.839784	 -91.043434                                                                                  
LA	22039	00558551	Evangeline Parish	33984	14662	1715550341	44667621	     662.378	      17.246	 30.720693	 -92.404086                                                                                    
LA	22041	00558557	Franklin Parish	20767	9034	1617667724	28107889	     624.585	      10.853	 32.138278	 -91.672101                                                                                       
LA	22043	00558567	Grant Parish	22309	8886	1665428895	56014737	     643.026	      21.627	 31.597787	 -92.561716                                                                                          
LA	22045	00558576	Iberia Parish	73240	29698	1486940445	1182115443	     574.111	     456.417	 29.606013	 -91.842706                                                                                      
LA	22047	00558582	Iberville Parish	33387	12707	1602236448	88658351	     618.627	      34.231	 30.288394	 -91.363150                                                                                     
LA	22049	00558592	Jackson Parish	16274	7680	1474178126	28732791	     569.183	      11.094	 32.304480	 -92.556672                                                                                        
LA	22051	00558027	Jefferson Parish	432552	189135	765682649	957754757	     295.632	     369.791	 29.503300	 -90.036231                                                                                   
LA	22053	00558039	Jefferson Davis Parish	31594	13306	1686931782	18718325	     651.328	       7.227	 30.269529	 -92.816221                                                                               
LA	22055	00558059	Lafayette Parish	221578	93656	695980407	1266845	     268.720	       0.489	 30.206507	 -92.064170                                                                                      
LA	22057	00558065	Lafourche Parish	96318	38582	2766662214	1051775420	    1068.214	     406.093	 29.491992	 -90.394849                                                                                   
LA	22059	00558049	La Salle Parish	14890	6560	1617923154	97667582	     624.684	      37.710	 31.680836	 -92.161809                                                                                       
LA	22061	00558077	Lincoln Parish	46735	19479	1221806070	1897717	     471.742	       0.733	 32.601148	 -92.662082                                                                                        
LA	22063	00558083	Livingston Parish	128026	50170	1678749073	141614105	     648.169	      54.678	 30.440419	 -90.727474                                                                                  
LA	22065	00558088	Madison Parish	12093	4804	1617283455	68538668	     624.437	      26.463	 32.365824	 -91.240729                                                                                        
LA	22067	00558097	Morehouse Parish	27979	12423	2058870285	28878807	     794.934	      11.150	 32.820008	 -91.800399                                                                                     
LA	22069	00558108	Natchitoches Parish	39566	18587	3243311940	121063646	    1252.250	      46.743	 31.734982	 -93.086106                                                                                 
LA	22071	00558113	Orleans Parish	343829	189896	438803381	468240430	     169.423	     180.789	 30.068636	 -89.939007                                                                                     
LA	22073	00558114	Ouachita Parish	153720	64481	1580944616	55281707	     610.406	      21.344	 32.477495	 -92.154798                                                                                     
LA	22075	00558125	Plaquemines Parish	23042	9596	2019961046	4629053037	     779.911	    1787.287	 29.402337	 -89.298489                                                                                  
LA	22077	00559449	Pointe Coupee Parish	22802	11130	1443519892	86418204	     557.346	      33.366	 30.708319	 -91.604621                                                                                 
LA	22079	00559460	Rapides Parish	131613	55684	3413506392	113169602	    1317.962	      43.695	 31.193204	 -92.535953                                                                                     
LA	22081	00559472	Red River Parish	9091	4128	1007738674	34327566	     389.090	      13.254	 32.101213	 -93.349050                                                                                       
LA	22083	00559481	Richland Parish	20725	8621	1447914686	14174105	     559.043	       5.473	 32.418121	 -91.758374                                                                                       
LA	22085	00559489	Sabine Parish	24233	14130	2244636736	375445763	     866.659	     144.960	 31.560209	 -93.559228                                                                                       
LA	22087	01629542	St. Bernard Parish	35897	16794	977764266	4611616395	     377.517	    1780.555	 29.918110	 -89.263494                                                                                  
LA	22089	01629449	St. Charles Parish	52780	19896	722820579	340703006	     279.083	     131.546	 29.913833	 -90.359314                                                                                   
LA	22091	01629457	St. Helena Parish	11203	5150	1057758275	2810554	     408.403	       1.085	 30.821423	 -90.709350                                                                                      
LA	22093	01629464	St. James Parish	22102	8455	625577772	42532340	     241.537	      16.422	 30.024820	 -90.793956                                                                                       
LA	22095	01629472	St. John the Baptist Parish	45924	17510	551851752	348524505	     213.071	     134.566	 30.117471	 -90.504677                                                                          
LA	22097	01629479	St. Landry Parish	83384	35692	2392836670	39114892	     923.879	      15.102	 30.583441	 -91.989274                                                                                    
LA	22099	01629486	St. Martin Parish	52160	21941	1910498478	204200686	     737.648	      78.842	 30.121433	 -91.611481                                                                                   
LA	22101	01629492	St. Mary Parish	54650	23028	1438424557	1460866962	     555.379	     564.044	 29.629349	 -91.463804                                                                                    
LA	22103	01629503	St. Tammany Parish	233740	95412	2189966775	721668349	     845.551	     278.638	 30.410022	 -89.951962                                                                                 
LA	22105	00559500	Tangipahoa Parish	121097	50073	2049391733	82862999	     791.275	      31.994	 30.621581	 -90.406633                                                                                   
LA	22107	00559509	Tensas Parish	5252	3357	1561204557	99471079	     602.784	      38.406	 32.001489	 -91.342576                                                                                          
LA	22109	00559517	Terrebonne Parish	111860	43887	3190385866	2202156933	    1231.815	     850.258	 29.333266	 -90.844191                                                                                 
LA	22111	00559528	Union Parish	22721	11346	2271389460	73594414	     876.988	      28.415	 32.829349	 -92.375650                                                                                         
LA	22113	00559538	Vermilion Parish	57999	25235	3038572441	955369492	    1173.199	     368.870	 29.786872	 -92.290090                                                                                    
LA	22115	00559548	Vernon Parish	52334	21433	3439271369	35158568	    1327.910	      13.575	 31.110563	 -93.181520                                                                                        
LA	22117	00559557	Washington Parish	47168	21039	1734061145	16471724	     669.525	       6.360	 30.852144	 -90.046253                                                                                    
LA	22119	00559567	Webster Parish	41207	19336	1535939758	56487776	     593.030	      21.810	 32.732152	 -93.339825                                                                                       
LA	22121	00559570	West Baton Rouge Parish	23788	9324	498298900	29602065	     192.394	      11.429	 30.464052	 -91.309808                                                                                
LA	22123	00559578	West Carroll Parish	11604	5046	931478647	2386193	     359.646	       0.921	 32.792480	 -91.451998                                                                                     
LA	22125	00559584	West Feliciana Parish	15625	5097	1044318335	59023580	     403.214	      22.789	 30.872701	 -91.421008                                                                                 
LA	22127	00559594	Winn Parish	15313	7234	2460712069	17448044	     950.086	       6.737	 31.941187	 -92.641269                                                                                                  
ME	23001	00581286	Androscoggin County	107702	49090	1211926439	75610678	     467.927	      29.193	 44.167681	 -70.207435                                                                                 
ME	23003	00581287	Aroostook County	71870	39529	17278664655	404653951	    6671.330	     156.238	 46.727057	 -68.649410                                                                                   
ME	23005	00581288	Cumberland County	281674	138657	2163263369	989949911	     835.241	     382.222	 43.808348	 -70.330375                                                                                 
ME	23007	00581289	Franklin County	30768	21709	4394196449	121392907	    1696.609	      46.870	 44.973012	 -70.444727                                                                                     
ME	23009	00581290	Hancock County	54418	40184	4110034060	1963321064	    1586.893	     758.043	 44.564906	 -68.370703                                                                                     
ME	23011	00581291	Kennebec County	122151	60972	2246876912	216653706	     867.524	      83.650	 44.417012	 -69.765764                                                                                    
ME	23013	00581292	Knox County	39736	23744	945691411	2017114386	     365.134	     778.812	 44.042045	 -69.038514                                                                                         
ME	23015	00581293	Lincoln County	34457	23493	1180563700	631400289	     455.818	     243.785	 43.994264	 -69.514029                                                                                      
ME	23017	00581294	Oxford County	57833	36055	5378990983	256086721	    2076.840	      98.876	 44.494585	 -70.734687                                                                                       
ME	23019	00581295	Penobscot County	153923	73860	8799125852	413670635	    3397.362	     159.719	 45.390602	 -68.657487                                                                                   
ME	23021	00581296	Piscataquis County	17535	15340	10258570727	1080309847	    3960.856	     417.110	 45.917678	 -69.104548                                                                                
ME	23023	00581297	Sagadahoc County	35293	18288	657066836	301332007	     253.695	     116.345	 43.916694	 -69.843994                                                                                     
ME	23025	00581298	Somerset County	52228	30569	10164156961	438038365	    3924.403	     169.128	 45.507482	 -69.976040                                                                                    
ME	23027	00581299	Waldo County	38786	21566	1890479704	318149622	     729.918	     122.838	 44.505361	 -69.139677                                                                                        
ME	23029	00581300	Washington County	32856	23001	6637257545	1800019787	    2562.660	     694.992	 44.967009	 -67.609354                                                                                  
ME	23031	00581301	York County	197131	105773	2565935077	722608929	     990.713	     279.001	 43.427239	 -70.670402                                                                                       
                                                                             